map (
0 0 0 0 0 0 0 0 0 0 0 0 0 0 0 0 0 0 0 0 0 0 0 0 0 0 2 3 0 0 0 0
0 0 0 0 0 0 0 0 0 0 0 0 0 0 0 0 0 0 0 0 0 0 0 0 0 2 1 1 0 0 0 0
0 0 0 0 0 0 0 0 0 0 0 0 0 0 0 0 0 0 0 0 0 0 0 0 0 1 1 1 0 0 0 0
0 0 0 0 0 0 0 0 0 2 3 0 0 0 0 0 2 1 3 0 0 0 0 0 0 1 1 1 3 0 0 0
1 3 0 0 0 0 0 0 2 1 1 3 0 0 2 1 1 1 1 3 0 0 0 0 0 1 1 1 1 0 0 0
1 1 0 0 0 0 0 2 1 1 1 1 0 2 1 1 1 1 1 1 0 0 0 0 1 1 1 1 1 0 0 0
1 1 3 0 0 0 2 1 1 1 1 1 1 1 1 1 1 1 1 1 3 0 0 2 1 1 1 1 1 4 4 4
1 1 1 3 0 2 1 1 1 1 1 1 1 1 1 1 1 1 1 1 1 1 1 1 1 1 1 1 1 1 1 1
1 1 1 1 1 1 1 1 1 1 1 1 1 1 1 1 1 1 1 1 1 1 1 1 1 1 1 1 1 1 1 1
1 1 1 1 1 1 1 1 1 1 1 1 1 1 1 1 1 1 1 1 1 1 1 1 1 1 1 1 1 1 1 1
1 1 1 1 1 1 1 1 1 1 1 1 1 1 1 1 1 1 1 1 1 1 1 1 1 1 1 1 1 1 1 1
1 1 1 1 1 1 1 1 1 1 1 1 1 1 1 1 1 1 1 1 1 1 1 1 1 1 1 1 1 1 1 1
)
landing area (
725 800
)
gravity (
0,2
)
engine power (
0,4
)
minimum V (
8
)