map (
0 0 0 0 0 0 0 0 0 0 0 0 0 0 0 0 0 0 0 0 0 0 0 0 0 0 0 0 0 0 0 0
0 0 0 0 0 0 0 2 3 0 0 0 0 0 0 0 0 0 0 0 0 0 0 0 0 0 0 0 0 0 0 0
0 0 0 0 0 0 2 1 1 3 0 0 0 0 0 0 0 0 0 0 0 0 0 0 0 0 0 0 0 0 0 0
0 0 0 0 0 0 1 1 1 1 3 0 0 0 0 0 0 0 0 0 0 0 0 0 0 0 0 0 0 0 0 0
0 0 0 0 0 0 1 1 1 1 1 0 0 0 0 0 0 0 0 0 0 0 0 0 0 0 0 0 0 0 0 0
0 0 0 0 0 2 1 1 1 1 1 0 0 0 0 0 0 0 0 0 0 0 0 0 0 0 0 0 0 0 0 0
0 0 0 0 2 1 1 1 1 1 1 0 0 0 0 0 0 0 0 0 2 3 0 0 0 0 0 0 0 0 0 0
0 0 0 2 1 1 1 1 1 1 1 4 4 4 4 0 0 0 0 2 1 1 0 0 0 0 0 0 2 3 0 0
0 0 2 1 1 1 1 1 1 1 1 1 1 1 1 3 0 0 2 1 1 1 0 0 0 0 0 2 1 1 1 3
0 2 1 1 1 1 1 1 1 1 1 1 1 1 1 1 0 2 1 1 1 1 0 0 0 0 0 1 1 1 1 1
0 1 1 1 1 1 1 1 1 1 1 1 1 1 1 1 0 1 1 1 1 1 4 4 4 4 4 1 1 1 1 1
2 1 1 1 1 1 1 1 1 1 1 1 1 1 1 1 1 1 1 1 1 1 1 1 1 1 1 1 1 1 1 1
)
landing area (
275 375
550 675
)
gravity (
0,1
)
engine power (
0,3
)
minimum V (
6
)